  2.000000000000000E-003  2.000000000000000E-003 -0.182847371205661     
  2.000000000000000E-003  0.298270416666667      -0.190909048043608     
  2.000000000000000E-003  0.594540833333333      -0.195786849184297     
  2.000000000000000E-003  0.890811250000000      -0.199573423366773     
  2.000000000000000E-003   1.18708166666667      -0.203691535509167     
  2.000000000000000E-003   1.48335208333333      -0.208529122739574     
  2.000000000000000E-003   1.77962250000000      -0.214141554648843     
  2.000000000000000E-003   2.07589291666667      -0.220319125082021     
  2.000000000000000E-003   2.37216333333333      -0.226644401455132     
  2.000000000000000E-003   2.66843375000000      -0.232535145003944     
  2.000000000000000E-003   2.96470416666667      -0.237546954811249     
  2.000000000000000E-003   3.26097458333333      -0.241147546801239     
  2.000000000000000E-003   3.55724500000000      -0.242883129774085     
  2.000000000000000E-003   3.85351541666667      -0.242576783854959     
  2.000000000000000E-003   4.14978583333333      -0.240413574636840     
  2.000000000000000E-003   4.44605625000000      -0.236864306565233     
  2.000000000000000E-003   4.74232666666667      -0.232487029854896     
  2.000000000000000E-003   5.03859708333333      -0.227752187636539     
  2.000000000000000E-003   5.33486750000000      -0.223266366235440     
  2.000000000000000E-003   5.63113791666667      -0.219441964709983     
  2.000000000000000E-003   5.92740833333333      -0.216479410796844     
  2.000000000000000E-003   6.22367875000000      -0.214324720096227     
  2.000000000000000E-003   6.51994916666667      -0.212632205794677     
  2.000000000000000E-003   6.81621958333333      -0.210035516931705     
  2.000000000000000E-003   7.11249000000000      -0.203974702430478     
  0.298270416666667       2.000000000000000E-003 -0.197056713104303     
  0.298270416666667       0.298270416666667      -0.205340871599595     
  0.298270416666667       0.594540833333333      -0.211090224657705     
  0.298270416666667       0.890811250000000      -0.215553144880910     
  0.298270416666667        1.18708166666667      -0.220924714515195     
  0.298270416666667        1.48335208333333      -0.227668999837334     
  0.298270416666667        1.77962250000000      -0.235620461454111     
  0.298270416666667        2.07589291666667      -0.244363541715016     
  0.298270416666667        2.37216333333333      -0.253189993885758     
  0.298270416666667        2.66843375000000      -0.261325999202045     
  0.298270416666667        2.96470416666667      -0.268163843467144     
  0.298270416666667        3.26097458333333      -0.272955624739201     
  0.298270416666667        3.55724500000000      -0.275069428057548     
  0.298270416666667        3.85351541666667      -0.274259229959485     
  0.298270416666667        4.14978583333333      -0.270778291638158     
  0.298270416666667        4.44605625000000      -0.265274180123559     
  0.298270416666667        4.74232666666667      -0.258519215541010     
  0.298270416666667        5.03859708333333      -0.251146569333531     
  0.298270416666667        5.33486750000000      -0.243948418685290     
  0.298270416666667        5.63113791666667      -0.237608142461701     
  0.298270416666667        5.92740833333333      -0.232495972021356     
  0.298270416666667        6.22367875000000      -0.228720760103443     
  0.298270416666667        6.51994916666667      -0.225833418258858     
  0.298270416666667        6.81621958333333      -0.222044456822682     
  0.298270416666667        7.11249000000000      -0.216178474447253     
  0.594540833333333       2.000000000000000E-003 -0.207968845814018     
  0.594540833333333       0.298270416666667      -0.216542787048464     
  0.594540833333333       0.594540833333333      -0.223593054055898     
  0.594540833333333       0.890811250000000      -0.230299744533389     
  0.594540833333333        1.18708166666667      -0.238236916973876     
  0.594540833333333        1.48335208333333      -0.247937354420235     
  0.594540833333333        1.77962250000000      -0.259188163143951     
  0.594540833333333        2.07589291666667      -0.271420365078416     
  0.594540833333333        2.37216333333333      -0.283680575537929     
  0.594540833333333        2.66843375000000      -0.294966318269602     
  0.594540833333333        2.96470416666667      -0.304404328203040     
  0.594540833333333        3.26097458333333      -0.310907048489104     
  0.594540833333333        3.55724500000000      -0.313580579771745     
  0.594540833333333        3.85351541666667      -0.312079669226245     
  0.594540833333333        4.14978583333333      -0.306757756770851     
  0.594540833333333        4.44605625000000      -0.298523663409851     
  0.594540833333333        4.74232666666667      -0.288487433041853     
  0.594540833333333        5.03859708333333      -0.277546493827019     
  0.594540833333333        5.33486750000000      -0.266714900592054     
  0.594540833333333        5.63113791666667      -0.256906596788059     
  0.594540833333333        5.92740833333333      -0.248628449218888     
  0.594540833333333        6.22367875000000      -0.242034543645002     
  0.594540833333333        6.51994916666667      -0.236652070163508     
  0.594540833333333        6.81621958333333      -0.231287973132342     
  0.594540833333333        7.11249000000000      -0.224819239163844     
  0.890811250000000       2.000000000000000E-003 -0.217105745667016     
  0.890811250000000       0.298270416666667      -0.226493009428921     
  0.890811250000000       0.594540833333333      -0.235503525601279     
  0.890811250000000       0.890811250000000      -0.245179781168004     
  0.890811250000000        1.18708166666667      -0.256634787329603     
  0.890811250000000        1.48335208333333      -0.270308711215085     
  0.890811250000000        1.77962250000000      -0.286025440698916     
  0.890811250000000        2.07589291666667      -0.303064730476892     
  0.890811250000000        2.37216333333333      -0.320089493936786     
  0.890811250000000        2.66843375000000      -0.335970075862913     
  0.890811250000000        2.96470416666667      -0.349277682266727     
  0.890811250000000        3.26097458333333      -0.358363176974027     
  0.890811250000000        3.55724500000000      -0.361905844842253     
  0.890811250000000        3.85351541666667      -0.359400646113282     
  0.890811250000000        4.14978583333333      -0.351363630366213     
  0.890811250000000        4.44605625000000      -0.339130242439917     
  0.890811250000000        4.74232666666667      -0.324368567679340     
  0.890811250000000        5.03859708333333      -0.308527777738870     
  0.890811250000000        5.33486750000000      -0.292748093634480     
  0.890811250000000        5.63113791666667      -0.278323837639997     
  0.890811250000000        5.92740833333333      -0.265918443640210     
  0.890811250000000        6.22367875000000      -0.255681188634245     
  0.890811250000000        6.51994916666667      -0.247241334151425     
  0.890811250000000        6.81621958333333      -0.239665488873096     
  0.890811250000000        7.11249000000000      -0.231864102209459     
   1.18708166666667       2.000000000000000E-003 -0.226273311684992     
   1.18708166666667       0.298270416666667      -0.236996193968221     
   1.18708166666667       0.594540833333333      -0.248395721541977     
   1.18708166666667       0.890811250000000      -0.261460952042904     
   1.18708166666667        1.18708166666667      -0.277125155878660     
   1.18708166666667        1.48335208333333      -0.295818507796041     
   1.18708166666667        1.77962250000000      -0.317374674391167     
   1.18708166666667        2.07589291666667      -0.340839578323869     
   1.18708166666667        2.37216333333333      -0.364691142494829     
   1.18708166666667        2.66843375000000      -0.387363326248546     
   1.18708166666667        2.96470416666667      -0.406538634390993     
   1.18708166666667        3.26097458333333      -0.419629403577415     
   1.18708166666667        3.55724500000000      -0.424558357729961     
   1.18708166666667        3.85351541666667      -0.420527612646172     
   1.18708166666667        4.14978583333333      -0.408351107755800     
   1.18708166666667        4.44605625000000      -0.390121074387231     
   1.18708166666667        4.74232666666667      -0.368438588368121     
   1.18708166666667        5.03859708333333      -0.345633129463047     
   1.18708166666667        5.33486750000000      -0.323280784367069     
   1.18708166666667        5.63113791666667      -0.302873283172840     
   1.18708166666667        5.92740833333333      -0.285312631026947     
   1.18708166666667        6.22367875000000      -0.270750489322258     
   1.18708166666667        6.51994916666667      -0.258795716977602     
   1.18708166666667        6.81621958333333      -0.248576585569409     
   1.18708166666667        7.11249000000000      -0.239070894403567     
   1.48335208333333       2.000000000000000E-003 -0.236014583493307     
   1.48335208333333       0.298270416666667      -0.248477072661427     
   1.48335208333333       0.594540833333333      -0.262655614021429     
   1.48335208333333       0.890811250000000      -0.279545351622009     
   1.48335208333333        1.18708166666667      -0.300160481841620     
   1.48335208333333        1.48335208333333      -0.325079493595811     
   1.48335208333333        1.77962250000000      -0.354119266792192     
   1.48335208333333        2.07589291666667      -0.386157849068514     
   1.48335208333333        2.37216333333333      -0.419788346284999     
   1.48335208333333        2.66843375000000      -0.452535361068984     
   1.48335208333333        2.96470416666667      -0.480774214331034     
   1.48335208333333        3.26097458333333      -0.500354352395938     
   1.48335208333333        3.55724500000000      -0.507598299738562     
   1.48335208333333        3.85351541666667      -0.501105811962040     
   1.48335208333333        4.14978583333333      -0.482301069853622     
   1.48335208333333        4.44605625000000      -0.454879821153436     
   1.48335208333333        4.74232666666667      -0.422997366297000     
   1.48335208333333        5.03859708333333      -0.390277989494263     
   1.48335208333333        5.33486750000000      -0.359195986941123     
   1.48335208333333        5.63113791666667      -0.331151931358700     
   1.48335208333333        5.92740833333333      -0.307223416324886     
   1.48335208333333        6.22367875000000      -0.287573954612582     
   1.48335208333333        6.51994916666667      -0.271640024683990     
   1.48335208333333        6.81621958333333      -0.258430921445082     
   1.48335208333333        7.11249000000000      -0.246941731004320     
   1.77962250000000       2.000000000000000E-003 -0.246367965414681     
   1.77962250000000       0.298270416666667      -0.260809562764756     
   1.77962250000000       0.594540833333333      -0.278042708890361     
   1.77962250000000       0.890811250000000      -0.299226188040245     
   1.77962250000000        1.18708166666667      -0.325580242111865     
   1.77962250000000        1.48335208333333      -0.357942520329769     
   1.77962250000000        1.77962250000000      -0.396242263064209     
   1.77962250000000        2.07589291666667      -0.439966870362741     
   1.77962250000000        2.37216333333333      -0.487440158014887     
   1.77962250000000        2.66843375000000      -0.535399493811896     
   1.77962250000000        2.96470416666667      -0.578368423115830     
   1.77962250000000        3.26097458333333      -0.609038495438203     
   1.77962250000000        3.55724500000000      -0.620439497418080     
   1.77962250000000        3.85351541666667      -0.609637233820081     
   1.77962250000000        4.14978583333333      -0.579598769658107     
   1.77962250000000        4.44605625000000      -0.537313863773660     
   1.77962250000000        4.74232666666667      -0.490095026910759     
   1.77962250000000        5.03859708333333      -0.443409087679550     
   1.77962250000000        5.33486750000000      -0.400497378965444     
   1.77962250000000        5.63113791666667      -0.363027584246484     
   1.77962250000000        5.92740833333333      -0.331502336522413     
   1.77962250000000        6.22367875000000      -0.305969087439906     
   1.77962250000000        6.51994916666667      -0.285590172376877     
   1.77962250000000        6.81621958333333      -0.269156762772555     
   1.77962250000000        7.11249000000000      -0.255511165957863     
   2.07589291666667       2.000000000000000E-003 -0.257000720766149     
   2.07589291666667       0.298270416666667      -0.273544853288651     
   2.07589291666667       0.594540833333333      -0.293966349282346     
   2.07589291666667       0.890811250000000      -0.319763210611140     
   2.07589291666667        1.18708166666667      -0.352422715406454     
   2.07589291666667        1.48335208333333      -0.393293192907272     
   2.07589291666667        1.77962250000000      -0.443258009766738     
   2.07589291666667        2.07589291666667      -0.502371925632099     
   2.07589291666667        2.37216333333333      -0.569377244404324     
   2.07589291666667        2.66843375000000      -0.640540481225412     
   2.07589291666667        2.96470416666667      -0.707855207175463     
   2.07589291666667        3.26097458333333      -0.758304606086748     
   2.07589291666667        3.55724500000000      -0.777465455398846     
   2.07589291666667        3.85351541666667      -0.758745376019657     
   2.07589291666667        4.14978583333333      -0.708782378835977     
   2.07589291666667        4.44605625000000      -0.642020929183419     
   2.07589291666667        4.74232666666667      -0.571474536921841     
   2.07589291666667        5.03859708333333      -0.505132144797683     
   2.07589291666667        5.33486750000000      -0.446706013436731     
   2.07589291666667        5.63113791666667      -0.397427180868821     
   2.07589291666667        5.92740833333333      -0.357237221545827     
   2.07589291666667        6.22367875000000      -0.325250650252531     
   2.07589291666667        6.51994916666667      -0.300116294487312     
   2.07589291666667        6.81621958333333      -0.280349567990500     
   2.07589291666667        7.11249000000000      -0.264454675131619     
   2.37216333333333       2.000000000000000E-003 -0.267312242363095     
   2.37216333333333       0.298270416666667      -0.285870127340551     
   2.37216333333333       0.594540833333333      -0.309411030212661     
   2.37216333333333       0.890811250000000      -0.339766776347116     
   2.37216333333333        1.18708166666667      -0.379123489421506     
   2.37216333333333        1.48335208333333      -0.429705254377106     
   2.37216333333333        1.77962250000000      -0.493494747922405     
   2.37216333333333        2.07589291666667      -0.572145914487708     
   2.37216333333333        2.37216333333333      -0.666058934615888     
   2.37216333333333        2.66843375000000      -0.772245537004628     
   2.37216333333333        2.96470416666667      -0.880055346176032     
   2.37216333333333        3.26097458333333      -0.966468972255851     
   2.37216333333333        3.55724500000000       -1.00058673748387     
   2.37216333333333        3.85351541666667      -0.966745651051601     
   2.37216333333333        4.14978583333333      -0.880675886494683     
   2.37216333333333        4.44605625000000      -0.773298859748856     
   2.37216333333333        4.74232666666667      -0.667614845179853     
   2.37216333333333        5.03859708333333      -0.574245485257387     
   2.37216333333333        5.33486750000000      -0.496157381577047     
   2.37216333333333        5.63113791666667      -0.432929870989046     
   2.37216333333333        5.92740833333333      -0.382892966110840     
   2.37216333333333        6.22367875000000      -0.344070650295859     
   2.37216333333333        6.51994916666667      -0.314241956364201     
   2.37216333333333        6.81621958333333      -0.291221523172439     
   2.37216333333333        7.11249000000000      -0.273177053498348     
   2.66843375000000       2.000000000000000E-003 -0.276547676512587     
   2.66843375000000       0.298270416666667      -0.296901133586847     
   2.66843375000000       0.594540833333333      -0.323293988850359     
   2.66843375000000       0.890811250000000      -0.358047470944762     
   2.66843375000000        1.18708166666667      -0.404073617278054     
   2.66843375000000        1.48335208333333      -0.464673158998806     
   2.66843375000000        1.77962250000000      -0.543671648281016     
   2.66843375000000        2.07589291666667      -0.645561376514495     
   2.66843375000000        2.37216333333333      -0.774545633011675     
   2.66843375000000        2.66843375000000      -0.931001925260610     
   2.66843375000000        2.96470416666667       -1.10233278651565     
   2.66843375000000        3.26097458333333       -1.25000623862909     
   2.66843375000000        3.55724500000000       -1.31152965400638     
   2.66843375000000        3.85351541666667       -1.25011674887178     
   2.66843375000000        4.14978583333333       -1.10265875795886     
   2.66843375000000        4.44605625000000      -0.931657095786532     
   2.66843375000000        4.74232666666667      -0.775599471049747     
   2.66843375000000        5.03859708333333      -0.647044701788533     
   2.66843375000000        5.33486750000000      -0.545594072911699     
   2.66843375000000        5.63113791666667      -0.467033080345996     
   2.66843375000000        5.92740833333333      -0.406852758016530     
   2.66843375000000        6.22367875000000      -0.361231139372889     
   2.66843375000000        6.51994916666667      -0.326873761277559     
   2.66843375000000        6.81621958333333      -0.300870173583912     
   2.66843375000000        7.11249000000000      -0.280898743686497     
   2.96470416666667       2.000000000000000E-003 -0.284123617805878     
   2.96470416666667       0.298270416666667      -0.305925966136637     
   2.96470416666667       0.594540833333333      -0.334666731068184     
   2.96470416666667       0.890811250000000      -0.373121949149262     
   2.96470416666667        1.18708166666667      -0.424913879706023     
   2.96470416666667        1.48335208333333      -0.494537927090220     
   2.96470416666667        1.77962250000000      -0.588279339124723     
   2.96470416666667        2.07589291666667      -0.714588043395089     
   2.96470416666667        2.37216333333333      -0.884199434073125     
   2.96470416666667        2.66843375000000       -1.10432362880950     
   2.96470416666667        2.96470416666667       -1.35851514841958     
   2.96470416666667        3.26097458333333       -1.58286098734028     
   2.96470416666667        3.55724500000000       -1.67801962565369     
   2.96470416666667        3.85351541666667       -1.58281772665823     
   2.96470416666667        4.14978583333333       -1.35859805661376     
   2.96470416666667        4.44605625000000       -1.10465076833778     
   2.96470416666667        4.74232666666667      -0.884821648951929     
   2.96470416666667        5.03859708333333      -0.715519642373642     
   2.96470416666667        5.33486750000000      -0.589519300006245     
   2.96470416666667        5.63113791666667      -0.496081140221874     
   2.96470416666667        5.92740833333333      -0.426748416000980     
   2.96470416666667        6.22367875000000      -0.375231386814269     
   2.96470416666667        6.51994916666667      -0.337041927661504     
   2.96470416666667        6.81621958333333      -0.308560292996872     
   2.96470416666667        7.11249000000000      -0.287011247838733     
   3.26097458333333       2.000000000000000E-003 -0.289350981186841     
   3.26097458333333       0.298270416666667      -0.312088736152334     
   3.26097458333333       0.594540833333333      -0.342368648111216     
   3.26097458333333       0.890811250000000      -0.383292105915862     
   3.26097458333333        1.18708166666667      -0.439021186597938     
   3.26097458333333        1.48335208333333      -0.515111560577271     
   3.26097458333333        1.77962250000000      -0.619965797804815     
   3.26097458333333        2.07589291666667      -0.766138707507797     
   3.26097458333333        2.37216333333333      -0.971892521543317     
   3.26097458333333        2.66843375000000       -1.25358380718192     
   3.26097458333333        2.96470416666667       -1.58480560961154     
   3.26097458333333        3.26097458333333       -1.84133106154716     
   3.26097458333333        3.55724500000000       -1.93870560453876     
   3.26097458333333        3.85351541666667       -1.84119099031982     
   3.26097458333333        4.14978583333333       -1.58476803741265     
   3.26097458333333        4.44605625000000       -1.25369980175544     
   3.26097458333333        4.74232666666667      -0.972174416865589     
   3.26097458333333        5.03859708333333      -0.766587640774743     
   3.26097458333333        5.33486750000000      -0.620578249275872     
   3.26097458333333        5.63113791666667      -0.515883298601182     
   3.26097458333333        5.92740833333333      -0.439945017623931     
   3.26097458333333        6.22367875000000      -0.384355937593653     
   3.26097458333333        6.51994916666667      -0.343564870886460     
   3.26097458333333        6.81621958333333      -0.313412729870479     
   3.26097458333333        7.11249000000000      -0.290800517984884     
   3.55724500000000       2.000000000000000E-003 -0.291646342713536     
   3.55724500000000       0.298270416666667      -0.314671215340999     
   3.55724500000000       0.594540833333333      -0.345449799572389     
   3.55724500000000       0.890811250000000      -0.387201839297053     
   3.55724500000000        1.18708166666667      -0.444293441977948     
   3.55724500000000        1.48335208333333      -0.522691928189888     
   3.55724500000000        1.77962250000000      -0.631712235059830     
   3.55724500000000        2.07589291666667      -0.785684473475508     
   3.55724500000000        2.37216333333333       -1.00648375056288     
   3.55724500000000        2.66843375000000       -1.31576880128018     
   3.55724500000000        2.96470416666667       -1.68094879126014     
   3.55724500000000        3.26097458333333       -1.93994653708662     
   3.55724500000000        3.55724500000000       -2.08037905892552     
   3.55724500000000        3.85351541666667       -1.93995486083183     
   3.55724500000000        4.14978583333333       -1.68096275048548     
   3.55724500000000        4.44605625000000       -1.31578007084928     
   3.55724500000000        4.74232666666667       -1.00649370051373     
   3.55724500000000        5.03859708333333      -0.785697529250067     
   3.55724500000000        5.33486750000000      -0.631731351772555     
   3.55724500000000        5.63113791666667      -0.522717877394292     
   3.55724500000000        5.92740833333333      -0.444324571979840     
   3.55724500000000        6.22367875000000      -0.387233232991613     
   3.55724500000000        6.51994916666667      -0.345477331833456     
   3.55724500000000        6.81621958333333      -0.314693728216932     
   3.55724500000000        7.11249000000000      -0.291666578727912     
   3.85351541666667       2.000000000000000E-003 -0.290782101782563     
   3.85351541666667       0.298270416666667      -0.313393749652487     
   3.85351541666667       0.594540833333333      -0.343543089725705     
   3.85351541666667       0.890811250000000      -0.384332249225821     
   3.85351541666667        1.18708166666667      -0.439922669912002     
   3.85351541666667        1.48335208333333      -0.515866229962191     
   3.85351541666667        1.77962250000000      -0.620567128739893     
   3.85351541666667        2.07589291666667      -0.766581352956169     
   3.85351541666667        2.37216333333333      -0.972170811147489     
   3.85351541666667        2.66843375000000       -1.25369652373271     
   3.85351541666667        2.96470416666667       -1.58476580368205     
   3.85351541666667        3.26097458333333       -1.84119500535232     
   3.85351541666667        3.55724500000000       -1.93871817554941     
   3.85351541666667        3.85351541666667       -1.84135022552267     
   3.85351541666667        4.14978583333333       -1.58482682476794     
   3.85351541666667        4.44605625000000       -1.25360020775050     
   3.85351541666667        4.74232666666667      -0.971906872362041     
   3.85351541666667        5.03859708333333      -0.766156712245714     
   3.85351541666667        5.33486750000000      -0.619991174889141     
   3.85351541666667        5.63113791666667      -0.515145017444868     
   3.85351541666667        5.92740833333333      -0.439060242216816     
   3.85351541666667        6.22367875000000      -0.383330948004941     
   3.85351541666667        6.51994916666667      -0.342402220222686     
   3.85351541666667        6.81621958333333      -0.312115499070351     
   3.85351541666667        7.11249000000000      -0.289373823850125     
   4.14978583333333       2.000000000000000E-003 -0.286992056074132     
   4.14978583333333       0.298270416666667      -0.308541508182038     
   4.14978583333333       0.594540833333333      -0.337021843109186     
   4.14978583333333       0.890811250000000      -0.375210761328854     
   4.14978583333333        1.18708166666667      -0.426729983062059     
   4.14978583333333        1.48335208333333      -0.496068118295753     
   4.14978583333333        1.77962250000000      -0.589511975128703     
   4.14978583333333        2.07589291666667      -0.715516442471602     
   4.14978583333333        2.37216333333333      -0.884820952050790     
   4.14978583333333        2.66843375000000       -1.10465170120728     
   4.14978583333333        2.96470416666667       -1.35860237070798     
   4.14978583333333        3.26097458333333       -1.58283023910989     
   4.14978583333333        3.55724500000000       -1.67804107588116     
   4.14978583333333        3.85351541666667       -1.58288510139221     
   4.14978583333333        4.14978583333333       -1.35853510200444     
   4.14978583333333        4.44605625000000       -1.10433830937073     
   4.14978583333333        4.74232666666667      -0.884212334609970     
   4.14978583333333        5.03859708333333      -0.714604874816216     
   4.14978583333333        5.33486750000000      -0.588304178352592     
   4.14978583333333        5.63113791666667      -0.494571938152658     
   4.14978583333333        5.92740833333333      -0.424954474476217     
   4.14978583333333        6.22367875000000      -0.373163032766799     
   4.14978583333333        6.51994916666667      -0.334702687006796     
   4.14978583333333        6.81621958333333      -0.305954623141182     
   4.14978583333333        7.11249000000000      -0.284147333428398     
   4.44605625000000       2.000000000000000E-003 -0.280876160815187     
   4.44605625000000       0.298270416666667      -0.300847904100166     
   4.44605625000000       0.594540833333333      -0.326850239590841     
   4.44605625000000       0.890811250000000      -0.361207293944013     
   4.44605625000000        1.18708166666667      -0.406831346200725     
   4.44605625000000        1.48335208333333      -0.467016999649938     
   4.44605625000000        1.77962250000000      -0.545584244498899     
   4.44605625000000        2.07589291666667      -0.647039317095158     
   4.44605625000000        2.37216333333333      -0.775596863378063     
   4.44605625000000        2.66843375000000      -0.931656750970047     
   4.44605625000000        2.96470416666667       -1.10266234482870     
   4.44605625000000        3.26097458333333       -1.25012728638719     
   4.44605625000000        3.55724500000000       -1.31154663463184     
   4.44605625000000        3.85351541666667       -1.25002508308960     
   4.44605625000000        4.14978583333333       -1.10234752641384     
   4.44605625000000        4.44605625000000      -0.931011307491293     
   4.44605625000000        4.74232666666667      -0.774552602258111     
   4.44605625000000        5.03859708333333      -0.645570826530086     
   4.44605625000000        5.33486750000000      -0.543688380134313     
   4.44605625000000        5.63113791666667      -0.464699544451417     
   4.44605625000000        5.92740833333333      -0.404107613555203     
   4.44605625000000        6.22367875000000      -0.358083722452059     
   4.44605625000000        6.51994916666667      -0.323326848944750     
   4.44605625000000        6.81621958333333      -0.296927709894362     
   4.44605625000000        7.11249000000000      -0.276569262040976     
   4.74232666666667       2.000000000000000E-003 -0.273150716741176     
   4.74232666666667       0.298270416666667      -0.291194467627482     
   4.74232666666667       0.594540833333333      -0.314212534112534     
   4.74232666666667       0.890811250000000      -0.344040117430619     
   4.74232666666667        1.18708166666667      -0.382864636578970     
   4.74232666666667        1.48335208333333      -0.432907208283920     
   4.74232666666667        1.77962250000000      -0.496141896941198     
   4.74232666666667        2.07589291666667      -0.574235852144213     
   4.74232666666667        2.37216333333333      -0.667609196352601     
   4.74232666666667        2.66843375000000      -0.773296475084320     
   4.74232666666667        2.96470416666667      -0.880677666799191     
   4.74232666666667        3.26097458333333      -0.966753364606930     
   4.74232666666667        3.55724500000000       -1.00059994218159     
   4.74232666666667        3.85351541666667      -0.966483960403156     
   4.74232666666667        4.14978583333333      -0.880067124348500     
   4.74232666666667        4.44605625000000      -0.772251586199817     
   4.74232666666667        4.74232666666667      -0.666060183015105     
   4.74232666666667        5.03859708333333      -0.572146566455635     
   4.74232666666667        5.33486750000000      -0.493500241765670     
   4.74232666666667        5.63113791666667      -0.429719341829737     
   4.74232666666667        5.92740833333333      -0.379145614074829     
   4.74232666666667        6.22367875000000      -0.339793110201471     
   4.74232666666667        6.51994916666667      -0.309436549687719     
   4.74232666666667        6.81621958333333      -0.285891430508495     
   4.74232666666667        7.11249000000000      -0.267329236408290     
   5.03859708333333       2.000000000000000E-003 -0.264427596531824     
   5.03859708333333       0.298270416666667      -0.280320623381630     
   5.03859708333333       0.594540833333333      -0.300083433305874     
   5.03859708333333       0.890811250000000      -0.325215299016422     
   5.03859708333333        1.18708166666667      -0.357203912858601     
   5.03859708333333        1.48335208333333      -0.397400495205333     
   5.03859708333333        1.77962250000000      -0.446688099747997     
   5.03859708333333        2.07589291666667      -0.505122070113669     
   5.03859708333333        2.37216333333333      -0.571469922720560     
   5.03859708333333        2.66843375000000      -0.642020506340624     
   5.03859708333333        2.96470416666667      -0.708786667389948     
   5.03859708333333        3.26097458333333      -0.758755395337942     
   5.03859708333333        3.55724500000000      -0.777481058517037     
   5.03859708333333        3.85351541666667      -0.758322449636999     
   5.03859708333333        4.14978583333333      -0.707870496350789     
   5.03859708333333        4.44605625000000      -0.640549017845957     
   5.03859708333333        4.74232666666667      -0.569378311208465     
   5.03859708333333        5.03859708333333      -0.502368674789545     
   5.03859708333333        5.33486750000000      -0.443255772848097     
   5.03859708333333        5.63113791666667      -0.393296341852476     
   5.03859708333333        5.92740833333333      -0.352432649809803     
   5.03859708333333        6.22367875000000      -0.319778087735176     
   5.03859708333333        6.51994916666667      -0.293982699121077     
   5.03859708333333        6.81621958333333      -0.273559548801842     
   5.03859708333333        7.11249000000000      -0.257012413711042     
   5.33486750000000       2.000000000000000E-003 -0.255485626028877     
   5.33486750000000       0.298270416666667      -0.269128998837422     
   5.33486750000000       0.594540833333333      -0.285558282079660     
   5.33486750000000       0.890811250000000      -0.305934814030640     
   5.33486750000000        1.18708166666667      -0.331470642593613     
   5.33486750000000        1.48335208333333      -0.363004116968795     
   5.33486750000000        1.77962250000000      -0.400484928620683     
   5.33486750000000        2.07589291666667      -0.443406496946512     
   5.33486750000000        2.37216333333333      -0.490098753646538     
   5.33486750000000        2.66843375000000      -0.537321565459087     
   5.33486750000000        2.96470416666667      -0.579610419195846     
   5.33486750000000        3.26097458333333      -0.609654107005032     
   5.33486750000000        3.55724500000000      -0.620462066962959     
   5.33486750000000        3.85351541666667      -0.609064363058202     
   5.33486750000000        4.14978583333333      -0.578392901090112     
   5.33486750000000        4.44605625000000      -0.535417558687838     
   5.33486750000000        4.74232666666667      -0.487449286438736     
   5.33486750000000        5.03859708333333      -0.439968370045395     
   5.33486750000000        5.33486750000000      -0.396239870078300     
   5.33486750000000        5.63113791666667      -0.357940453177914     
   5.33486750000000        5.92740833333333      -0.325580991231936     
   5.33486750000000        6.22367875000000      -0.299230999858771     
   5.33486750000000        6.51994916666667      -0.278050272471950     
   5.33486750000000        6.81621958333333      -0.260817188495866     
   5.33486750000000        7.11249000000000      -0.246373602071215     
   5.63113791666667       2.000000000000000E-003 -0.246919993669332     
   5.63113791666667       0.298270416666667      -0.258407433321146     
   5.63113791666667       0.594540833333333      -0.271613511452856     
   5.63113791666667       0.890811250000000      -0.287546499729196     
   5.63113791666667        1.18708166666667      -0.307200288330419     
   5.63113791666667        1.48335208333333      -0.331138873733423     
   5.63113791666667        1.77962250000000      -0.359195964581943     
   5.63113791666667        2.07589291666667      -0.390289254620596     
   5.63113791666667        2.37216333333333      -0.423015366215053     
   5.63113791666667        2.66843375000000      -0.454900615525380     
   5.63113791666667        2.96470416666667      -0.482323484298342     
   5.63113791666667        3.26097458333333      -0.501131784112207     
   5.63113791666667        3.55724500000000      -0.507629669816621     
   5.63113791666667        3.85351541666667      -0.500390258462009     
   5.63113791666667        4.14978583333333      -0.480810897173623     
   5.63113791666667        4.44605625000000      -0.452567659539373     
   5.63113791666667        4.74232666666667      -0.419811882080098     
   5.63113791666667        5.03859708333333      -0.386171247174685     
   5.63113791666667        5.33486750000000      -0.354123957563321     
   5.63113791666667        5.63113791666667      -0.325078272709687     
   5.63113791666667        5.92740833333333      -0.300157861072149     
   5.63113791666667        6.22367875000000      -0.279544505942525     
   5.63113791666667        6.51994916666667      -0.262656702557187     
   5.63113791666667        6.81621958333333      -0.248477950225466     
   5.63113791666667        7.11249000000000      -0.236013160651862     
   5.92740833333333       2.000000000000000E-003 -0.239053979279498     
   5.92740833333333       0.298270416666667      -0.248559396406772     
   5.92740833333333       0.594540833333333      -0.258777659098149     
   5.92740833333333       0.890811250000000      -0.270733550777585     
   5.92740833333333        1.18708166666667      -0.285301877948299     
   5.92740833333333        1.48335208333333      -0.302873866968764     
   5.92740833333333        1.77962250000000      -0.323294885683901     
   5.92740833333333        2.07589291666667      -0.345658748471054     
   5.92740833333333        2.37216333333333      -0.368470062484507     
   5.92740833333333        2.66843375000000      -0.390153627979227     
   5.92740833333333        2.96470416666667      -0.408383382527186     
   5.92740833333333        3.26097458333333      -0.420561546924494     
   5.92740833333333        3.55724500000000      -0.424596894722234     
   5.92740833333333        3.85351541666667      -0.419673492493418     
   5.92740833333333        4.14978583333333      -0.406585805888707     
   5.92740833333333        4.44605625000000      -0.387408501611203     
   5.92740833333333        4.74232666666667      -0.364729013241479     
   5.92740833333333        5.03859708333333      -0.340866538896840     
   5.92740833333333        5.33486750000000      -0.317389261511628     
   5.92740833333333        5.63113791666667      -0.295823288560926     
   5.92740833333333        5.92740833333333      -0.277124775863623     
   5.92740833333333        6.22367875000000      -0.261459346204049     
   5.92740833333333        6.51994916666667      -0.248393988918970     
   5.92740833333333        6.81621958333333      -0.236992297342190     
   5.92740833333333        7.11249000000000      -0.226265097190555     
   6.22367875000000       2.000000000000000E-003 -0.231850074617582     
   6.22367875000000       0.298270416666667      -0.239654088443966     
   6.22367875000000       0.594540833333333      -0.247231900031283     
   6.22367875000000       0.890811250000000      -0.255674407447501     
   6.22367875000000        1.18708166666667      -0.265918825846177     
   6.22367875000000        1.48335208333333      -0.278335708945819     
   6.22367875000000        1.77962250000000      -0.292772435426091     
   6.22367875000000        2.07589291666667      -0.308562151698859     
   6.22367875000000        2.37216333333333      -0.324407218757341     
   6.22367875000000        2.66843375000000      -0.339168112438472     
   6.22367875000000        2.96470416666667      -0.351399244340011     
   6.22367875000000        3.26097458333333      -0.359436233759787     
   6.22367875000000        3.55724500000000      -0.361945177555784     
   6.22367875000000        3.85351541666667      -0.358408579248345     
   6.22367875000000        4.14978583333333      -0.349328042733085     
   6.22367875000000        4.44605625000000      -0.336021059748999     
   6.22367875000000        4.74232666666667      -0.320135434373096     
   6.22367875000000        5.03859708333333      -0.303100575607008     
   6.22367875000000        5.33486750000000      -0.286048407477075     
   6.22367875000000        5.63113791666667      -0.270320257805394     
   6.22367875000000        5.92740833333333      -0.256638741388641     
   6.22367875000000        6.22367875000000      -0.245180730370691     
   6.22367875000000        6.51994916666667      -0.235503491224252     
   6.22367875000000        6.81621958333333      -0.226488434761183     
   6.22367875000000        7.11249000000000      -0.217092503987540     
   6.51994916666667       2.000000000000000E-003 -0.224807328872259     
   6.51994916666667       0.298270416666667      -0.231281593391944     
   6.51994916666667       0.594540833333333      -0.236648996179627     
   6.51994916666667       0.890811250000000      -0.242034086804007     
   6.51994916666667        1.18708166666667      -0.248634877241875     
   6.51994916666667        1.48335208333333      -0.256923585889220     
   6.51994916666667        1.77962250000000      -0.266742362530769     
   6.51994916666667        2.07589291666667      -0.277581504976001     
   6.51994916666667        2.37216333333333      -0.288525420420834     
   6.51994916666667        2.66843375000000      -0.298559794951701     
   6.51994916666667        2.96470416666667      -0.306790696829968     
   6.51994916666667        3.26097458333333      -0.312111508576024     
   6.51994916666667        3.55724500000000      -0.313615099698150     
   6.51994916666667        3.85351541666667      -0.310947050216208     
   6.51994916666667        4.14978583333333      -0.304449795596715     
   6.51994916666667        4.44605625000000      -0.295014005623643     
   6.51994916666667        4.74232666666667      -0.283725402078224     
   6.51994916666667        5.03859708333333      -0.271457004603730     
   6.51994916666667        5.33486750000000      -0.259213687938027     
   6.51994916666667        5.63113791666667      -0.247951651337640     
   6.51994916666667        5.92740833333333      -0.238242760630611     
   6.51994916666667        6.22367875000000      -0.230302670202684     
   6.51994916666667        6.51994916666667      -0.223597311339843     
   6.51994916666667        6.81621958333333      -0.216542537751773     
   6.51994916666667        7.11249000000000      -0.207953417554352     
   6.81621958333333       2.000000000000000E-003 -0.216177086416269     
   6.81621958333333       0.298270416666667      -0.222040736401660     
   6.81621958333333       0.594540833333333      -0.225832485554700     
   6.81621958333333       0.890811250000000      -0.228722071778248     
   6.81621958333333        1.18708166666667      -0.232503172326646     
   6.81621958333333        1.48335208333333      -0.237624453555338     
   6.81621958333333        1.77962250000000      -0.243973117225861     
   6.81621958333333        2.07589291666667      -0.251176755177917     
   6.81621958333333        2.37216333333333      -0.258551645692790     
   6.81621958333333        2.66843375000000      -0.265305125923331     
   6.81621958333333        2.96470416666667      -0.270806502864559     
   6.81621958333333        3.26097458333333      -0.274285824911481     
   6.81621958333333        3.55724500000000      -0.275097236182693     
   6.81621958333333        3.85351541666667      -0.272987195960023     
   6.81621958333333        4.14978583333333      -0.268199757212360     
   6.81621958333333        4.44605625000000      -0.261364097731230     
   6.81621958333333        4.74232666666667      -0.253226472552387     
   6.81621958333333        5.03859708333333      -0.244394063984193     
   6.81621958333333        5.33486750000000      -0.235642159879976     
   6.81621958333333        5.63113791666667      -0.227680360653515     
   6.81621958333333        5.92740833333333      -0.220927039245654     
   6.81621958333333        6.22367875000000      -0.215551653525876     
   6.81621958333333        6.51994916666667      -0.211091487313785     
   6.81621958333333        6.81621958333333      -0.205341576416293     
   6.81621958333333        7.11249000000000      -0.197042134291875     
   7.11249000000000       2.000000000000000E-003 -0.203968844667636     
   7.11249000000000       0.298270416666667      -0.210021365331314     
   7.11249000000000       0.594540833333333      -0.212629064452135     
   7.11249000000000       0.890811250000000      -0.214325016368579     
   7.11249000000000        1.18708166666667      -0.216484980932332     
   7.11249000000000        1.48335208333333      -0.219455474638132     
   7.11249000000000        1.77962250000000      -0.223286938702868     
   7.11249000000000        2.07589291666667      -0.227777293733355     
   7.11249000000000        2.37216333333333      -0.232514797615584     
   7.11249000000000        2.66843375000000      -0.236892286316574     
   7.11249000000000        2.96470416666667      -0.240440235189155     
   7.11249000000000        3.26097458333333      -0.242601983532217     
   7.11249000000000        3.55724500000000      -0.242907880974354     
   7.11249000000000        3.85351541666667      -0.241173408925331     
   7.11249000000000        4.14978583333333      -0.237574508718809     
   7.11249000000000        4.44605625000000      -0.232563495203118     
   7.11249000000000        4.74232666666667      -0.226671166837834     
   7.11249000000000        5.03859708333333      -0.220341298055031     
   7.11249000000000        5.33486750000000      -0.214156649811916     
   7.11249000000000        5.63113791666667      -0.208534500648484     
   7.11249000000000        5.92740833333333      -0.203686629778340     
   7.11249000000000        6.22367875000000      -0.199560725388917     
   7.11249000000000        6.51994916666667      -0.195770479472948     
   7.11249000000000        6.81621958333333      -0.190891284893849     
   7.11249000000000        7.11249000000000      -0.182834592810856     
